11010111110110001010010101001101111110101001100101011011111001000110001010001110111101000001000000
001111101010001111111110100000011010001100001111110100000100101000001000100101100011001000000
0100010110100101010010110010111010010110011000101010011110101110001000000
00100101101101000011001100100001000001000001000110000110000001000010111001101101010
0100110000101010000010111011000001010010100110101110011101111001101100111101110100001111001010
01100011010111100100001011111011010011010011111010110001000000001111000000110000010
0011110001110100000110100000100101000101000111101110110000010
0011110101110101010011010001000110010100010100011001100100011011
100110100001000101000111000011111100010100001100010100011101100111001100100001100100011011
101101011000010100110000100000011100101101100101000100101101101010
100110111100101100001110111010000111100101000000101000010100101000111101110100001111001010

1001000111000111110110010101010111000010100011100000101101000
111101101001010110100011110000100101000010100110011000101111101001010000101000011
0011111001000010101101110000001010000101001010001101010000010010011000111110
10001101010001110010010111100001010001100001100101011011100110011100111000111110
00100000011110011000000000100110001010000100000000010100011000010010111100001101111111
0100100000100101100000110100010100000101111010100011000011011100010010001001000010100011111001101111111
010010101011001100000011011111110000001001010101100110000001101111111
0010111001011111000110011001000010000111000110100111111
010001101010000001010000101001100001101000001101000001011100001011110110110100111111
0010111001011111000110011001000011001110101110011
00110111111010000010010100001010001111111101000011010101100111001100100000110101110011
1001110101101011000010100110000100000011100101101100101000100101101101010
01011000011101110100001111001010000001010000101001010001111011101000011110
